b
main
60
1
2
50
8
20
60
70
90
524.0
671.1999999999999
b
k
60
3
4
50
16
40
120
140
130
424.0	
672.0
c
R2Go
100
6
6
50
24
60
180
130
150
276.0
670.4
c
Man'usha 
100
8
6
50
24
60
180
130
150
176.0
669.5999999999999
c
Shabrawy 
120
9
8
50
32
60
200
150
150
126.4
671.1999999999999
p
Cinnabon 
140
11
10
100
40
100
300
175
125
53.6
592.8
p
TBS  
140
13
10
100
40
100
300
175
125
55.199999999999996
487.2
p
Farghly 
160
14
12
100
48
120
320
200
200
52.800000000000004
435.2
o
La Fraise 
180
16
14
100
56
130
350
150
200
52.800000000000004
328.8
o
Mini Market 
180
18
14
100
56
130
350
150
200
52.800000000000004
223.20000000000002
o
Pharma 
200
19
16
100
64
140
380
200
200
53.6
169.60000000000002
r
S
220
21
18
150
72
160
450
175
175
125.6
86.39999999999999
r
N  
220
23
18
150
72
160
450
175
175
224.79999999999998
86.39999999999999
r
Batates & Zalabya 
240
24
20
150
80
200
450
175
175
274.4
86.39999999999999
y
Sbarro 
260
26
22
150
88
220
470
175
175
374.4
88.8
y
Gyro
260
27
22
150
88
220
470
175
175
423.2
89.6
y
PingPong 
280
29
24
150
96
240
490
175
175
522.4
89.6
g
R  
300
31
26
200
104
260
510
200
175
597.6
168.0
g
Gym 
300
32
26
200
104
260
510
200
175
598.4
221.60000000000002
g
Theatre 
320
34
28
200
122
300
550
200
200
596.8
328.8
v
Staff parking 
350
37
35
200
140
325
600
200
200
595.1999999999999
486.40000000000003
v
Student Parking 
400
39
50
200
150
400
800
300
300
596.0
593.5999999999999