612.0
676.0
524.0
671.1999999999999
472.79999999999995
671.1999999999999
424.0
672.0
373.59999999999997	
669.5999999999999
324.79999999999995	
664.8
276.0	
670.4
225.6	
669.5999999999999
176.0	
669.5999999999999
126.4	
671.1999999999999
73.6	
645.5999999999999
53.6	
592.8
55.199999999999996	
539.1999999999999
55.199999999999996	
487.2
52.800000000000004	
435.2
58.4	
380.0
52.800000000000004	
328.8
55.199999999999996	
276.0
52.800000000000004	
223.20000000000002
53.6	
169.60000000000002
58.4	
99.2
125.6	
86.39999999999999
177.6	
98.39999999999999
224.79999999999998	
86.39999999999999
274.4	
86.39999999999999
324.79999999999995	
95.2
374.4	
88.8
423.2	
89.6
472.79999999999995	
93.6
522.4	
89.6
586.4	
100.8
597.6	
168.0
598.4	
221.60000000000002
588.0	
276.0
596.8	
328.8
592.8	
380.0
590.4	
435.2
595.1999999999999	
486.40000000000003
592.0	
540.8
596.0	
593.5999999999999